01101000010101101010111101100001
01101011011100111011111011111110
00100111100010111111101111110111
11101110111010001101101000111001
00111000101000110000011011010011
10001101001101010101111100100111
01011010110000111001111001001011
11001100001001010110011110101100
01110010011011010001011100110001
10000001100000110010000010110111
01001101010110110101000100100100
11100111000110010000101001110011
00011111110110111001011001000001
11000000001010000001011011010101
00010011100111010001010100111000
01000011000010000110000111010101
10001011111100110100101110100001
01101011111010010111101101010011
01000111011100110110111100111100
11001001001011010011111011100010
00101001001100101011101001100001
01110111010000111100001110111100
01001010100101000011001110111111
01000101001000001110001001111000
00011101110111100001011111111011
11011001111001100100011111011011
10000100001100011001001001000001
10100010011110101100111001010101
00011000000010001111101010111011
01000111001110011011101000111000
01111110011111100100010010000011
10010111100000000001010111000100
11000100001100000000001001011111
10110010000001001011101111010100
11001101010000010100010010110000
00010111110110011111000111101000
00101110000001001101011111111011
11100110110101111110101110011001
11100011101101100001101010101111
01101001110101010111111100010010
10100110000000010101100010000100
01011100011000010000000000101100
00011100110000101000111000110010
11011101110000111110000011001110
01011011100110010010010000110111
00000101111110001010000101011100
10100101101100100111101011000001
11101110110001011110101111100011
11111101110000110000101110001001
01101110110000000110100010010111
00000110100001101110110010101011
00000011111011010101011110110101
00111001011000111111111010011110
00101110011010100001111001111011
10000001100100110001100110000000
00000010111100001000110001110010
10111010110110000001011101110101
11011101110001110011010000100001
10010011010110110001110011101010
00000010010100011101101000001000
00011100000001100101011101101101
10100000110000100100010011100101
10000100011001110001100001011010
11010110110000011000110010011110
10101110100010111000001000001100
01111101110011000000001001011101
01101110100000110110101000001000
00101111101101111101100000101101
01010111100011101111011100101111
00010010100010111011100000100001
11010110100110111100010011111110
00011010001011110010101101011101
01010101011100011101011011011100
10000110011010111111000000010111
11111000110111100010110011000011
11010011110111111100111100011001
10110010100110101011100010010010
10010011010001010001011101111010
00100111111110000110001110010000
00010001111100010101100110011001
11101000001000010100110100100010
00110001011010011010000001001111
11111000011111101110001010000010
00111111100001001010110100001001
00000011101110001101010001001010
01000010111101011100010011101111
00110111111100011111111100110011
01110111000000011010000101110110
01110111000000110010100100101011
01000010011011100011001100100000
10011101110101000111100100000010
01001100010000001111010110110111
01111010111111010110100000100101
10111010100101000100000101000011
10100111100101110001001100011101
10000111111100000000110101111001
10110000101111011001110111011000
00001100100100011011010100101111
10101010001101011111111100110001
01110101011010000011101100111010
01011110000111110110000001110011
11111010101111111010000000110101
11101100101010011111101010000111
10010101111000111111110001011110
01111011101011001111000011001001
10000111011001101011011001001000
11011111100001100000011111101010
00010111001100001100101100000101
01011000011111110011001001100110
01111100001000010110011101011100
00100100001010110110100111010101
10100010010011100010101010100111
01001001110100100010111001010000
11011100011010000000110000110111
11011101100001111101011110100110
01001001101001001101111001000000
00100001101100000111011010001001
00011100000100000100010010011110
00110100110010101111011111000001
10011011110011011101011001100000
10011011100010000110101101010101
11000000110011111101110100101011
00010110000011110110001111110010
11000110101001100010010011010001
11001100001100001100011100110110
01011011111110111110000111111110
11100000111111100010111111101110
01110010000101110010000111001011
